
Cluster 1 (Users: [13, 5755, 5749, 5487, 1232])[5]

Top 5 Items:
  Item 1201: 1.0000 (denorm: 5.00)
  Item 2028: 1.0000 (denorm: 5.00)
  Item 1041: 0.8333 (denorm: 4.17)
Bottom 5 Items:
  Item 1201: 1.0000 (denorm: 5.00)
  Item 2028: 1.0000 (denorm: 5.00)
  Item 1041: 0.8333 (denorm: 4.17)

Cluster 2 (Users: [18, 3118, 4957, 5615, 4721, 3469, 5319, 5222, 4488, 4107, 3245, 2116, 4351, 1383, 185, 4719, 5982, 1983, 5915, 4786, 4200, 3958, 2993, 264, 5047, 4754, 4473, 4274, 718, 2340, 5450, 4560, 1957, 1110, 773, 4021, 5698, 1741, 1401, 1629, 2138, 2072, 1319, 308, 6007, 5139, 2011, 1274, 953, 4116, 4682, 2928, 2649, 3027, 2172, 2154, 1242, 4728, 4922, 4418, 531, 5550, 4854, 5221, 3175, 710, 4411, 5556, 5128, 4368, 5580, 1758, 3829, 4725, 4568, 4004, 3746, 3110, 2188, 3704, 2857, 5329, 5880, 3611, 4253, 3963, 5664, 3592, 5757, 4015, 2593, 1268, 224, 3035, 877, 452, 2042, 1976, 1948, 586, 2761, 5265, 2964, 2126, 5158, 5126, 4050, 3346, 2731, 5683, 4663, 3410, 3938, 2704, 1290, 2766, 4732, 3399, 2503, 1057, 1912, 5536, 697, 5519, 2389, 245, 398, 1584, 1920, 5799, 1880, 5931, 5736, 5739, 5218, 3256, 3032, 2412, 1820, 1499, 5468, 5788, 5595, 4390, 2796, 5448, 5645, 5634, 2887, 4607, 5853, 4323, 4047, 922, 494, 1985, 3056, 3061, 3679, 5455, 4030, 2629, 5433, 5763, 5124, 4250, 424, 4454, 2687, 1313, 1563, 583, 4194, 2872, 800, 2703, 2023, 3182, 6030, 2374, 479, 477, 3126, 95, 852, 225, 4593, 4360, 53, 4112, 3101, 5301, 4150, 4139, 4117, 3769, 5172, 4853, 5088, 3678, 5205, 5306, 4643, 3951, 5387, 3401, 4478, 3946, 4169, 1980, 5251, 1853, 3942, 2235, 1635, 2995, 1297, 5305, 4629, 4312, 2063, 4796, 5878, 5578, 4908, 3845, 3491, 4911, 4715, 5895, 3333, 3705, 3507, 4447, 4510, 3757, 4356, 2679, 5363, 48, 5627, 5333, 3640, 2572, 4354, 3731, 3028, 92, 1755, 1675, 788, 433, 3361, 1084, 267, 2792, 4327, 2547, 2186, 3622, 3230, 4791, 6016, 757, 2559, 3610, 713, 249, 1367, 6011, 2914, 401, 5988, 4956, 4470, 5099, 4748, 3358, 5990, 4598, 1586, 5300, 4285, 1746, 3539, 5960, 4644, 5156, 4819, 3475, 2106, 910, 2260, 5376, 5046, 5705, 5530, 1422, 439, 1294, 1616, 4302, 5000, 4506, 5661, 5408, 5081, 4507, 5015, 5631, 2661, 4524, 3075, 5621, 2770, 1696, 1455, 4972, 4965, 1667, 271, 1690, 2938, 5676, 796, 2986, 5098, 1288, 3217, 3782, 3067, 2529, 5535, 5239, 5230, 4948, 568, 516, 2901, 482, 204, 4927, 5959, 2745, 239, 5925, 4879, 4855, 4665, 3776, 3031, 3992, 3090, 1891, 5005, 3670, 4637, 3191, 3022, 752, 4979, 5289, 5724, 1169, 4457, 3864, 2695, 2581, 4363, 1146, 4585, 1925, 1599, 3847, 2238, 731, 5851, 716, 4982, 4459, 4521, 2501, 1207, 4201, 2665, 5220, 3916, 3476, 4344, 5723, 58, 4892, 4950, 2248, 1842, 5967, 5605, 515, 3479, 491, 354, 5630, 5957, 4899, 4800, 5555, 4995, 3292, 1680, 4053, 1260, 4227, 5890, 5120, 4291, 3693, 1450, 1014, 429, 5466, 5367, 3970, 2664, 1873, 4647, 4802, 2967, 4278, 2574, 1369, 2638, 1962, 1605, 557, 602, 365, 4436, 2736, 1960, 3453, 5886, 4898, 2015, 4792, 4140, 706, 2921, 2575, 146, 3569, 4907, 3190, 2776, 1356, 1975, 1791, 1733, 5807, 5135, 4387, 4877, 4342, 3370, 3860, 5164, 5113, 4986, 4734, 4104, 3717, 526, 3438, 2929, 5638, 2164, 174, 5795, 5561, 5484, 4939, 5770, 5684, 5322, 4726, 4393, 5865, 5106, 4840, 1617, 1339, 3830, 3487, 4304, 4171, 2050, 2010, 1537, 1241, 1079, 485, 1113, 4958, 5431, 4064, 4048, 839, 402, 5284, 3697, 4893, 2878, 5317, 4730, 3423, 3321, 3243, 3735, 751, 463, 651, 3318, 1974, 2018, 2978, 117, 5737, 1781, 2537, 6002, 1589, 4742, 4176, 3629, 5954, 5948, 5513, 1835, 3308, 3831, 5490, 3412, 3260, 3072, 3045, 524, 3189, 1448, 3672, 1129, 475, 4616, 3285, 5234, 2682, 1969, 3417, 4423, 4016, 3414, 911, 1285, 4122, 3792, 3011, 2088, 140, 3842, 1264, 3319, 1726, 2802, 2552, 976, 550, 3908, 3790, 3454, 1805, 5716, 5404, 4026, 2643, 90, 1052, 293, 1645, 1120, 702, 2550, 2297, 794, 4070, 3626, 1243, 1778, 2024, 678, 5185, 4382, 2625, 4375, 915, 2873, 1932, 6037, 5526, 4990, 4884, 1121, 1211, 4608, 4579, 3715, 1988, 3543, 5594, 2849, 4561, 2554, 2376, 5277, 4930, 4055, 2946, 3140, 3643, 973, 4942, 2555, 2274, 1943, 5397, 4981, 4167, 4984, 2135, 2122, 660, 4238, 192, 4279, 3885, 1800, 3737, 3314, 2242, 859, 5824, 3675, 4580, 1017, 368, 1780, 148, 136, 438, 5650, 3377, 1373, 1058, 409, 5394, 5271, 2818, 631, 2054, 5802, 2758, 1737, 5236, 5169, 5978, 4448, 3638, 70, 605, 3994, 5018, 3517, 392, 1579, 1333, 5955, 712, 639, 5395, 4153, 759, 5643, 5902, 5646, 2562, 1628, 5446, 4165, 3434, 2803, 1505, 465, 1555, 5852, 3720, 1133, 3483, 4611, 3561, 926, 1637, 3890, 5029, 2102, 823, 541, 509, 4808, 5522, 2279, 736, 3724, 5908, 3521, 4543, 3905, 2954, 2251, 1128, 1073, 413, 3242, 4379, 1203, 3841, 2094, 870, 729, 4923, 4596, 5070, 1546, 4814, 1998, 603, 330, 1248, 4145, 2752, 4687, 2038, 829, 689, 2225, 5850, 798, 5002, 5531, 1591, 4779, 4401, 2056, 1224, 5592, 646, 445, 2934, 5720, 2012, 975, 195, 1849, 817, 1632, 5233, 3449, 462, 3736, 3121, 2663, 1870, 270, 2419, 1182, 4790, 4041, 5102, 1389, 329, 478, 1033, 3601, 2707, 2592, 422, 1130, 1085, 3756, 2566, 4774, 5722, 1349, 64, 3742, 3457, 1587, 3029, 5738, 5603, 1457, 5032, 2507, 5001, 4049, 4091, 1312, 4600, 4582, 1938, 1611, 3903, 3081, 662, 3080, 2895, 3780, 4989, 3684, 2143, 2064, 2462, 610, 1712, 527, 461, 464, 2645, 2737, 2100, 1230, 809, 4265, 2003, 4098, 179, 1050, 1530, 1926, 5607, 4556, 1906, 1799, 3688, 2807, 5981, 5665, 5311, 4765, 4084, 5100, 1727, 3659, 2098, 1105, 755, 543, 3105, 2478, 2167, 5227, 4481, 5437, 5054, 5809, 4072, 1466, 1738, 4451, 4287, 3999, 1408, 2411, 1303, 131, 5190, 4258, 643, 2793, 5812, 4626, 1899, 1423, 2974, 838, 352, 5097, 2947, 4528, 1902, 3518, 1544, 169, 5371, 5184, 2748, 2583, 1219, 161, 2544, 1661, 1748, 4964, 480, 1692, 415, 854, 229, 2243, 2008, 1062, 216, 5996, 4711, 1489, 235, 359, 1646, 3604, 2109, 1299, 1265, 957, 4271, 2489, 5268, 3017, 1958, 916, 520, 3515, 2820, 3945, 4673, 5382, 1875, 2446, 5345, 5079, 1681, 1566, 999, 891, 549, 5734, 5269, 5759, 2499, 351, 3817, 2175, 3562, 3542, 1626, 2158, 396, 4371, 3341, 456, 615, 2935, 2091, 5575, 3422, 1181, 4220, 3648, 5686, 5147, 5053, 3300, 5520, 5091, 1496, 3825, 3441, 591, 881, 4073, 3910, 5353, 4666, 4115, 546, 199, 2041, 2307, 3768, 5894, 5842, 739, 3823, 1676, 4147, 4028, 5786, 4520, 2166, 5256, 3439, 5823, 4177, 5623, 5020, 3625, 2659, 4305, 5056, 319, 5497, 3471, 1137, 4215, 3791, 940, 714, 149, 3578, 1710, 2305, 848, 3760, 2712, 778, 260, 1600, 3878, 5482, 3069, 1829, 529, 2084, 2070, 2496, 2258, 508, 3550, 5679, 2203, 3781, 3579, 1301, 2522, 1318, 62, 93, 4724, 1916, 2047, 1654, 3560, 1100, 1752, 4089, 1483, 5574, 5354, 4699, 3488, 3529, 2497, 3096, 1019, 61, 3771, 2540, 2892, 1068, 1441, 449, 5708, 2304, 5972, 3416, 4689, 2594, 24, 1952, 5654, 5573, 5985, 5419, 5255, 3546, 1967, 395, 3237, 1439, 3226, 5671, 4869, 888, 1613, 1116, 5206, 1449, 2611, 2367, 33, 5077, 1685, 1162, 4029, 1059, 306, 924, 687, 5815, 3978, 981, 4887, 4269, 4163, 3628, 3055, 2864, 2728, 1631, 4322, 3898, 1609, 780, 357, 284, 1148, 743, 123, 302, 1889, 1220, 113, 624, 1377, 3312, 658, 3504, 3464, 2392, 2156, 2052, 1426, 2743, 4621, 1223, 183, 3272, 5785, 166, 4861, 355, 1002, 1836, 3624, 5938, 4655, 4496, 3824, 4315, 3450, 547, 3892, 5254, 3424, 1968, 457, 5888, 4849, 6001, 4750, 4535, 770, 4545, 3337, 4953, 3510, 314, 3163, 2354, 5282, 4341, 4260, 2859, 5108, 681, 2823, 2035, 2077, 1642, 929, 3267, 2257, 1593, 934, 1184, 1565, 453, 1698, 406, 5131, 5854, 5747, 3758, 4014, 2846, 3301, 5523, 5728, 634, 2451, 173, 4446, 3509, 1101, 2972, 2110, 5324, 2448, 1284, 1714, 1031, 116, 3327, 2656, 493, 4739, 147, 671, 1701, 280, 5707, 3250, 3868, 3867, 36, 588, 6013, 1570, 1884, 1972, 2789, 2148, 3953, 3894, 741, 376, 3311, 1601, 5339, 4449, 4214, 3931, 4485, 2378, 242, 2917, 746, 4609, 3158, 1647, 1354, 3862, 785, 584, 1066, 613, 1255, 1087, 1202, 1172, 899, 4085, 3489, 1141, 637, 3200, 4301, 1684, 4458, 1125, 4736, 3411, 163, 1215, 1170, 382, 661, 1806, 1328, 1244, 3444, 2266, 777, 4980, 2565])[1300]

Top 5 Items:
  Item 36: 1.0000 (denorm: 5.00)
  Item 50: 1.0000 (denorm: 5.00)
  Item 52: 1.0000 (denorm: 5.00)
  Item 58: 1.0000 (denorm: 5.00)
  Item 260: 1.0000 (denorm: 5.00)
Bottom 5 Items:
  Item 3878: 0.5556 (denorm: 2.78)
  Item 3919: 0.5556 (denorm: 2.78)
  Item 3940: 0.5556 (denorm: 2.78)
  Item 3941: 0.5556 (denorm: 2.78)
  Item 3489: 0.5556 (denorm: 2.78)

Cluster 3 (Users: [155, 5161, 5964, 4366, 1404, 1194, 2837, 1419, 1165])[9]

Top 5 Items:
  Item 1921: 1.0000 (denorm: 5.00)
  Item 2324: 1.0000 (denorm: 5.00)
  Item 1242: 0.8889 (denorm: 4.44)
  Item 1673: 0.7778 (denorm: 3.89)
  Item 1894: 0.7778 (denorm: 3.89)
Bottom 5 Items:
  Item 3210: 0.7778 (denorm: 3.89)
  Item 376: 0.6667 (denorm: 3.33)
  Item 2081: 0.6667 (denorm: 3.33)
  Item 2735: 0.6667 (denorm: 3.33)
  Item 70: 0.5556 (denorm: 2.78)

Cluster 4 (Users: [366, 4823, 5107, 5678, 2685, 2436, 1731, 2860, 1749])[9]

Top 5 Items:
  Item 1288: 1.0000 (denorm: 5.00)
  Item 14: 0.8889 (denorm: 4.44)
  Item 111: 0.8889 (denorm: 4.44)
  Item 2068: 0.8889 (denorm: 4.44)
  Item 3445: 0.8889 (denorm: 4.44)
Bottom 5 Items:
  Item 3361: 0.7778 (denorm: 3.89)
  Item 1179: 0.6667 (denorm: 3.33)
  Item 3360: 0.6667 (denorm: 3.33)
  Item 2378: 0.5556 (denorm: 2.78)
  Item 2641: 0.5556 (denorm: 2.78)

Cluster 5 (Users: [412, 4771, 2073, 5969, 1484])[5]

Top 5 Items:
  Item 720: 1.0000 (denorm: 5.00)
  Item 1217: 1.0000 (denorm: 5.00)
  Item 2804: 1.0000 (denorm: 5.00)
  Item 1243: 0.8571 (denorm: 4.29)
  Item 2065: 0.8571 (denorm: 4.29)
Bottom 5 Items:
  Item 1217: 1.0000 (denorm: 5.00)
  Item 2804: 1.0000 (denorm: 5.00)
  Item 1243: 0.8571 (denorm: 4.29)
  Item 2065: 0.8571 (denorm: 4.29)
  Item 586: 0.7143 (denorm: 3.57)

Cluster 6 (Users: [425, 1837, 1004, 1812, 2994, 4247, 858, 2631, 2270, 781, 822])[11]

Top 5 Items:
  Item 1083: 1.0000 (denorm: 5.00)
  Item 2770: 1.0000 (denorm: 5.00)
  Item 3519: 1.0000 (denorm: 5.00)
  Item 502: 0.8571 (denorm: 4.29)
  Item 1302: 0.8571 (denorm: 4.29)
Bottom 5 Items:
  Item 3072: 0.8571 (denorm: 4.29)
  Item 3408: 0.8571 (denorm: 4.29)
  Item 3499: 0.8571 (denorm: 4.29)
  Item 762: 0.7143 (denorm: 3.57)
  Item 3763: 0.7143 (denorm: 3.57)

Cluster 7 (Users: [454, 5340, 5312, 2894, 721, 1559, 1451, 3167, 1688])[9]

Top 5 Items:
  Item 3623: 1.0000 (denorm: 5.00)
  Item 3915: 1.0000 (denorm: 5.00)
  Item 616: 0.8889 (denorm: 4.44)
  Item 3129: 0.8889 (denorm: 4.44)
  Item 3863: 0.8889 (denorm: 4.44)
Bottom 5 Items:
  Item 2267: 0.7778 (denorm: 3.89)
  Item 2827: 0.7778 (denorm: 3.89)
  Item 694: 0.6667 (denorm: 3.33)
  Item 1993: 0.6667 (denorm: 3.33)
  Item 405: 0.5556 (denorm: 2.78)

Cluster 8 (Users: [534, 4484, 4224, 1164, 1015])[5]

Top 5 Items:
  Item 1307: 1.0000 (denorm: 5.00)
  Item 1088: 0.8889 (denorm: 4.44)
  Item 1185: 0.8889 (denorm: 4.44)
  Item 2038: 0.8889 (denorm: 4.44)
  Item 750: 0.7778 (denorm: 3.89)
Bottom 5 Items:
  Item 750: 0.7778 (denorm: 3.89)
  Item 806: 0.7778 (denorm: 3.89)
  Item 779: 0.6667 (denorm: 3.33)
  Item 1735: 0.6667 (denorm: 3.33)
  Item 1977: 0.5556 (denorm: 2.78)

Cluster 9 (Users: [539, 5011, 3590, 4001, 5920, 2265, 3484, 2969, 1266, 1729, 3391, 5675, 3339, 2911, 590, 5806, 1944, 937])[18]

Top 5 Items:
  Item 39: 1.0000 (denorm: 5.00)
  Item 47: 1.0000 (denorm: 5.00)
  Item 1176: 1.0000 (denorm: 5.00)
  Item 2138: 1.0000 (denorm: 5.00)
  Item 3160: 1.0000 (denorm: 5.00)
Bottom 5 Items:
  Item 3285: 0.7778 (denorm: 3.89)
  Item 3756: 0.7778 (denorm: 3.89)
  Item 3863: 0.7778 (denorm: 3.89)
  Item 2328: 0.5556 (denorm: 2.78)
  Item 3742: 0.5556 (denorm: 2.78)

Cluster 10 (Users: [611, 2504, 5912, 4815, 3174, 2271, 2466])[7]

Top 5 Items:
  Item 24: 1.0000 (denorm: 5.00)
  Item 1673: 1.0000 (denorm: 5.00)
  Item 2529: 1.0000 (denorm: 5.00)
  Item 904: 0.8889 (denorm: 4.44)
  Item 1265: 0.7778 (denorm: 3.89)
Bottom 5 Items:
  Item 2529: 1.0000 (denorm: 5.00)
  Item 904: 0.8889 (denorm: 4.44)
  Item 1265: 0.7778 (denorm: 3.89)
  Item 3249: 0.7778 (denorm: 3.89)
  Item 780: 0.5556 (denorm: 2.78)

Cluster 11 (Users: [769, 5744, 5636, 5401, 2016])[5]

Top 5 Items:
  Item 346: 1.0000 (denorm: 5.00)
  Item 940: 0.8889 (denorm: 4.44)
  Item 1031: 0.8889 (denorm: 4.44)
  Item 1333: 0.8889 (denorm: 4.44)
  Item 1889: 0.8889 (denorm: 4.44)
Bottom 5 Items:
  Item 2085: 0.8889 (denorm: 4.44)
  Item 2363: 0.8889 (denorm: 4.44)
  Item 3117: 0.8889 (denorm: 4.44)
  Item 2369: 0.7778 (denorm: 3.89)
  Item 479: 0.5556 (denorm: 2.78)

Cluster 12 (Users: [774, 2898, 5927, 1124, 2428, 5653, 984, 3815, 3169, 2899, 1693, 2310, 1159, 2020])[14]

Top 5 Items:
  Item 1234: 1.0000 (denorm: 5.00)
  Item 2947: 1.0000 (denorm: 5.00)
  Item 318: 0.8889 (denorm: 4.44)
  Item 3317: 0.8889 (denorm: 4.44)
  Item 951: 0.7778 (denorm: 3.89)
Bottom 5 Items:
  Item 3545: 0.7778 (denorm: 3.89)
  Item 3699: 0.7778 (denorm: 3.89)
  Item 784: 0.6667 (denorm: 3.33)
  Item 24: 0.5556 (denorm: 2.78)
  Item 3163: 0.5556 (denorm: 2.78)

Cluster 13 (Users: [786, 5782, 3669, 3143, 2827])[5]

Top 5 Items:
  Item 356: 1.0000 (denorm: 5.00)
  Item 1573: 0.8333 (denorm: 4.17)
Bottom 5 Items:
  Item 356: 1.0000 (denorm: 5.00)
  Item 1573: 0.8333 (denorm: 4.17)

Cluster 14 (Users: [869, 5837, 5447, 5297, 3007, 3349, 3641])[7]

Top 5 Items:
  Item 587: 1.0000 (denorm: 5.00)
  Item 1201: 1.0000 (denorm: 5.00)
  Item 2393: 1.0000 (denorm: 5.00)
  Item 3527: 1.0000 (denorm: 5.00)
  Item 2890: 0.6250 (denorm: 3.12)
Bottom 5 Items:
  Item 2393: 1.0000 (denorm: 5.00)
  Item 3527: 1.0000 (denorm: 5.00)
  Item 2890: 0.6250 (denorm: 3.12)
  Item 3005: 0.6250 (denorm: 3.12)
  Item 3664: 0.6250 (denorm: 3.12)

Cluster 15 (Users: [1044, 3621, 2762, 1465, 2844, 2744])[6]

Top 5 Items:
  Item 1125: 1.0000 (denorm: 5.00)
  Item 2467: 1.0000 (denorm: 5.00)
  Item 2872: 1.0000 (denorm: 5.00)
  Item 1580: 0.7500 (denorm: 3.75)
  Item 3287: 0.6250 (denorm: 3.12)
Bottom 5 Items:
  Item 1125: 1.0000 (denorm: 5.00)
  Item 2467: 1.0000 (denorm: 5.00)
  Item 2872: 1.0000 (denorm: 5.00)
  Item 1580: 0.7500 (denorm: 3.75)
  Item 3287: 0.6250 (denorm: 3.12)

Cluster 16 (Users: [1291, 5067, 4983, 6025, 3691, 4897])[6]

Top 5 Items:
  Item 1188: 1.0000 (denorm: 5.00)
  Item 1225: 1.0000 (denorm: 5.00)
  Item 2787: 1.0000 (denorm: 5.00)
  Item 468: 0.8333 (denorm: 4.17)
  Item 512: 0.8333 (denorm: 4.17)
Bottom 5 Items:
  Item 468: 0.8333 (denorm: 4.17)
  Item 512: 0.8333 (denorm: 4.17)
  Item 945: 0.8333 (denorm: 4.17)
  Item 1037: 0.8333 (denorm: 4.17)
  Item 1429: 0.8333 (denorm: 4.17)

Cluster 17 (Users: [1325, 5418, 1930, 3157, 1370])[5]

Top 5 Items:
  Item 1036: 1.0000 (denorm: 5.00)
  Item 1080: 1.0000 (denorm: 5.00)
  Item 1219: 1.0000 (denorm: 5.00)
Bottom 5 Items:
  Item 1036: 1.0000 (denorm: 5.00)
  Item 1080: 1.0000 (denorm: 5.00)
  Item 1219: 1.0000 (denorm: 5.00)

Cluster 18 (Users: [1348, 4237, 2926, 4062, 3044, 3026, 2142])[7]

Top 5 Items:
  Item 364: 1.0000 (denorm: 5.00)
  Item 2694: 1.0000 (denorm: 5.00)
  Item 3717: 1.0000 (denorm: 5.00)
  Item 802: 0.8571 (denorm: 4.29)
  Item 1625: 0.8571 (denorm: 4.29)
Bottom 5 Items:
  Item 3717: 1.0000 (denorm: 5.00)
  Item 802: 0.8571 (denorm: 4.29)
  Item 1625: 0.8571 (denorm: 4.29)
  Item 450: 0.7143 (denorm: 3.57)
  Item 1422: 0.7143 (denorm: 3.57)

Cluster 19 (Users: [3014, 5434, 4635, 4135, 3281])[5]

Top 5 Items:
  Item 2762: 1.0000 (denorm: 5.00)
  Item 24: 0.6250 (denorm: 3.12)
Bottom 5 Items:
  Item 2762: 1.0000 (denorm: 5.00)
  Item 24: 0.6250 (denorm: 3.12)

Fallback Ranking for Users Outside Clusters:

Top 5 Items:
  Item 2028: 1.0000 (denorm: 5.00)
  Item 36: 1.0000 (denorm: 5.00)
  Item 50: 1.0000 (denorm: 5.00)
  Item 52: 1.0000 (denorm: 5.00)
  Item 58: 1.0000 (denorm: 5.00)
Bottom 5 Items:
  Item 2378: 0.5556 (denorm: 2.78)
  Item 1977: 0.5556 (denorm: 2.78)
  Item 2328: 0.5556 (denorm: 2.78)
  Item 479: 0.5556 (denorm: 2.78)
  Item 3489: 0.5556 (denorm: 2.78)

Users outside clusters: [5, 7, 10, 17, 23, 30, 35, 38, 39, 44, 45, 52, 59, 65, 68, 73, 79, 96, 97, 99, 101, 103, 104, 108, 114, 119, 129, 130, 134, 139, 150, 151, 157, 162, 165, 186, 187, 189, 190, 193, 197, 198, 202, 218, 223, 230, 237, 252, 261, 268, 272, 278, 300, 301, 303, 310, 322, 327, 331, 333, 338, 339, 341, 342, 348, 364, 372, 373, 386, 390, 403, 408, 411, 418, 423, 426, 435, 436, 441, 442, 451, 466, 468, 471, 474, 476, 481, 498, 499, 501, 506, 507, 512, 513, 517, 518, 536, 542, 548, 553, 556, 558, 562, 566, 577, 582, 587, 593, 597, 601, 608, 614, 621, 623, 629, 630, 635, 644, 653, 655, 656, 664, 669, 674, 677, 682, 685, 688, 694, 698, 699, 700, 715, 720, 725, 727, 735, 744, 748, 749, 753, 765, 767, 768, 772, 776, 795, 802, 805, 818, 824, 830, 843, 846, 850, 853, 855, 856, 862, 864, 872, 873, 875, 882, 887, 889, 897, 904, 905, 907, 909, 914, 919, 921, 927, 931, 935, 939, 941, 947, 948, 952, 954, 961, 963, 967, 968, 970, 971, 977, 979, 995, 998, 1010, 1011, 1012, 1021, 1023, 1024, 1038, 1039, 1051, 1053, 1069, 1071, 1074, 1077, 1088, 1089, 1093, 1099, 1104, 1112, 1115, 1117, 1135, 1142, 1143, 1147, 1150, 1153, 1160, 1168, 1173, 1179, 1183, 1186, 1188, 1196, 1204, 1206, 1208, 1210, 1218, 1228, 1239, 1246, 1251, 1253, 1254, 1261, 1263, 1271, 1272, 1281, 1282, 1298, 1300, 1304, 1314, 1317, 1321, 1322, 1337, 1340, 1342, 1343, 1345, 1352, 1360, 1361, 1376, 1380, 1384, 1387, 1388, 1391, 1392, 1393, 1395, 1400, 1402, 1410, 1411, 1412, 1413, 1415, 1420, 1425, 1427, 1430, 1433, 1437, 1440, 1446, 1453, 1470, 1473, 1474, 1487, 1491, 1493, 1495, 1497, 1501, 1502, 1503, 1515, 1516, 1524, 1531, 1560, 1564, 1571, 1575, 1577, 1595, 1598, 1608, 1618, 1624, 1633, 1636, 1643, 1648, 1671, 1672, 1678, 1683, 1687, 1694, 1702, 1705, 1709, 1717, 1720, 1721, 1722, 1732, 1739, 1742, 1743, 1753, 1757, 1761, 1764, 1765, 1767, 1773, 1779, 1782, 1794, 1796, 1797, 1802, 1803, 1807, 1817, 1821, 1824, 1826, 1828, 1832, 1851, 1854, 1860, 1861, 1877, 1879, 1882, 1883, 1894, 1895, 1901, 1908, 1917, 1919, 1922, 1931, 1937, 1939, 1941, 1951, 1970, 1982, 1984, 1986, 2002, 2004, 2005, 2009, 2029, 2030, 2034, 2039, 2045, 2046, 2051, 2053, 2059, 2071, 2080, 2092, 2095, 2097, 2104, 2105, 2114, 2119, 2120, 2121, 2124, 2127, 2130, 2136, 2139, 2145, 2155, 2162, 2165, 2168, 2170, 2173, 2176, 2179, 2180, 2181, 2187, 2190, 2194, 2202, 2205, 2206, 2208, 2210, 2211, 2214, 2215, 2218, 2219, 2223, 2232, 2237, 2239, 2240, 2241, 2244, 2247, 2252, 2256, 2259, 2261, 2264, 2272, 2277, 2288, 2289, 2290, 2293, 2298, 2303, 2306, 2309, 2311, 2315, 2319, 2324, 2333, 2334, 2344, 2348, 2349, 2353, 2355, 2377, 2380, 2381, 2383, 2402, 2407, 2415, 2418, 2421, 2432, 2435, 2445, 2453, 2455, 2456, 2457, 2459, 2463, 2482, 2484, 2492, 2493, 2500, 2508, 2526, 2535, 2545, 2546, 2551, 2564, 2567, 2570, 2576, 2590, 2599, 2600, 2603, 2609, 2610, 2620, 2623, 2627, 2634, 2642, 2662, 2667, 2668, 2670, 2680, 2681, 2683, 2684, 2688, 2691, 2693, 2694, 2696, 2698, 2700, 2702, 2710, 2722, 2730, 2740, 2751, 2753, 2759, 2769, 2771, 2772, 2773, 2774, 2777, 2779, 2780, 2785, 2794, 2804, 2810, 2812, 2813, 2821, 2824, 2828, 2840, 2841, 2848, 2853, 2854, 2855, 2866, 2868, 2876, 2877, 2881, 2882, 2883, 2885, 2888, 2896, 2906, 2907, 2909, 2910, 2913, 2916, 2918, 2919, 2933, 2939, 2942, 2949, 2950, 2955, 2962, 2990, 3000, 3002, 3004, 3012, 3013, 3018, 3033, 3054, 3057, 3058, 3065, 3074, 3082, 3093, 3097, 3098, 3108, 3111, 3125, 3127, 3128, 3138, 3141, 3151, 3154, 3155, 3168, 3171, 3180, 3183, 3187, 3193, 3195, 3201, 3204, 3205, 3206, 3208, 3210, 3214, 3216, 3219, 3223, 3224, 3229, 3231, 3232, 3233, 3246, 3248, 3249, 3255, 3258, 3261, 3263, 3265, 3274, 3275, 3277, 3283, 3294, 3302, 3309, 3313, 3315, 3320, 3322, 3324, 3328, 3329, 3332, 3336, 3345, 3352, 3353, 3359, 3360, 3364, 3365, 3367, 3371, 3378, 3380, 3389, 3394, 3398, 3408, 3420, 3425, 3428, 3430, 3435, 3436, 3458, 3467, 3473, 3482, 3490, 3493, 3499, 3501, 3503, 3511, 3512, 3513, 3516, 3519, 3526, 3531, 3536, 3538, 3545, 3547, 3549, 3551, 3557, 3565, 3566, 3571, 3572, 3576, 3577, 3584, 3586, 3588, 3589, 3598, 3599, 3603, 3607, 3609, 3615, 3618, 3620, 3632, 3635, 3650, 3651, 3652, 3654, 3657, 3658, 3660, 3663, 3664, 3666, 3667, 3673, 3677, 3683, 3685, 3689, 3690, 3692, 3698, 3706, 3709, 3713, 3716, 3718, 3726, 3727, 3732, 3734, 3745, 3751, 3752, 3754, 3762, 3767, 3770, 3772, 3778, 3796, 3804, 3807, 3808, 3816, 3820, 3821, 3832, 3833, 3834, 3836, 3846, 3853, 3855, 3871, 3874, 3882, 3884, 3887, 3900, 3904, 3906, 3907, 3914, 3917, 3919, 3922, 3923, 3927, 3929, 3930, 3934, 3940, 3952, 3957, 3964, 3966, 3967, 3976, 3980, 3982, 3985, 3988, 3993, 3995, 4005, 4006, 4007, 4009, 4011, 4013, 4023, 4040, 4042, 4044, 4058, 4060, 4063, 4079, 4082, 4083, 4086, 4087, 4090, 4101, 4108, 4114, 4124, 4128, 4131, 4133, 4160, 4161, 4162, 4166, 4183, 4186, 4187, 4190, 4193, 4198, 4204, 4205, 4207, 4210, 4212, 4218, 4221, 4226, 4230, 4240, 4251, 4261, 4268, 4277, 4288, 4294, 4299, 4303, 4318, 4331, 4332, 4334, 4335, 4337, 4338, 4343, 4346, 4347, 4350, 4361, 4364, 4377, 4378, 4381, 4384, 4386, 4406, 4407, 4408, 4417, 4419, 4421, 4422, 4425, 4434, 4435, 4438, 4443, 4445, 4450, 4455, 4460, 4461, 4462, 4465, 4466, 4472, 4475, 4476, 4477, 4479, 4480, 4482, 4483, 4490, 4497, 4499, 4502, 4508, 4509, 4511, 4512, 4517, 4522, 4529, 4531, 4539, 4540, 4541, 4555, 4562, 4565, 4566, 4569, 4578, 4591, 4592, 4601, 4604, 4605, 4606, 4619, 4620, 4627, 4639, 4650, 4653, 4658, 4659, 4660, 4669, 4670, 4671, 4678, 4685, 4700, 4704, 4705, 4706, 4708, 4710, 4713, 4718, 4723, 4729, 4733, 4738, 4744, 4745, 4753, 4755, 4761, 4772, 4780, 4784, 4785, 4789, 4798, 4801, 4804, 4809, 4813, 4816, 4821, 4824, 4826, 4827, 4829, 4832, 4833, 4834, 4837, 4846, 4852, 4866, 4867, 4882, 4886, 4901, 4902, 4904, 4905, 4906, 4909, 4913, 4916, 4917, 4918, 4928, 4937, 4946, 4951, 4955, 4960, 4961, 4963, 4970, 4973, 4975, 4985, 4997, 5008, 5022, 5023, 5035, 5038, 5039, 5042, 5043, 5048, 5049, 5063, 5064, 5065, 5074, 5084, 5085, 5096, 5109, 5111, 5112, 5114, 5121, 5123, 5130, 5141, 5142, 5146, 5149, 5150, 5153, 5162, 5163, 5177, 5182, 5187, 5193, 5200, 5208, 5214, 5223, 5226, 5232, 5237, 5238, 5246, 5253, 5261, 5273, 5287, 5302, 5313, 5321, 5323, 5336, 5341, 5348, 5352, 5361, 5364, 5365, 5374, 5378, 5386, 5402, 5406, 5411, 5413, 5423, 5428, 5429, 5432, 5452, 5454, 5459, 5463, 5472, 5475, 5480, 5491, 5492, 5493, 5494, 5501, 5504, 5511, 5514, 5516, 5517, 5518, 5524, 5525, 5538, 5540, 5543, 5547, 5552, 5554, 5557, 5558, 5564, 5565, 5567, 5570, 5576, 5582, 5583, 5584, 5585, 5588, 5596, 5597, 5600, 5604, 5614, 5620, 5626, 5629, 5637, 5647, 5648, 5657, 5658, 5659, 5667, 5668, 5672, 5677, 5682, 5695, 5699, 5701, 5706, 5717, 5721, 5729, 5733, 5743, 5750, 5754, 5765, 5767, 5769, 5775, 5776, 5777, 5780, 5792, 5794, 5798, 5811, 5821, 5831, 5841, 5845, 5847, 5848, 5857, 5861, 5872, 5874, 5885, 5900, 5905, 5911, 5916, 5917, 5924, 5930, 5941, 5943, 5947, 5949, 5950, 5961, 5966, 5971, 5974, 5980, 5984, 5986, 5989, 5998, 6003, 6006, 6010, 6018, 6022, 6023, 6034, 6035, 6036, 6040][1197]

UARS Global Rankings:

Top 5 Items:
  Item 28: 1.0000 (denorm: 5.00)
  Item 50: 1.0000 (denorm: 5.00)
  Item 52: 1.0000 (denorm: 5.00)
  Item 80: 1.0000 (denorm: 5.00)
  Item 309: 1.0000 (denorm: 5.00)
Bottom 5 Items:
  Item 3878: 0.2000 (denorm: 1.00)
  Item 3919: 0.2000 (denorm: 1.00)
  Item 3924: 0.2000 (denorm: 1.00)
  Item 3940: 0.2000 (denorm: 1.00)
  Item 3941: 0.2000 (denorm: 1.00)
